This is process 0:
Output: 249 270 190 431 393 604 584 707
P: 6 10 156 272 281 525 568 9223372036854775807
Count_P: 0 0 0 3 0 2 0 3
nO: 0 0 0 0 3 3 5 5
===>>>> Process 0 received: 7

This is process 1:
Output: 7 273 522 616 664 642 849 958
P: 21 99 231 312 694 785 914 9223372036854775807
Count_P: 1 0 0 1 4 0 1 1
nO: 0 1 1 1 2 6 6 7
===>>>> Process 1 received: 223 71 35

This is process 2:
Output: 223 536 381 519 501 617 796 978
P: 53 248 313 567 643 706 833 9223372036854775807
Count_P: 0 1 0 4 1 0 1 1
nO: 0 0 1 1 5 6 6 7
===>>>> Process 2 received: 139 258

This is process 3:
Output: 139 348 389 449 580 453 888 651
P: 5 88 189 410 451 600 905 9223372036854775807
Count_P: 0 0 1 2 1 2 2 0
nO: 0 0 0 1 3 4 6 8
===>>>> Process 3 received: 249 270 190 273 536 381 519 501 348 389 88 171

This is process 4:
Output: 258 446 424 370 568 678 971 762
P: 11 20 356 366 473 665 691 9223372036854775807
Count_P: 0 0 1 0 3 1 1 2
nO: 0 0 0 1 1 4 5 6
===>>>> Process 4 received: 522 616 664 642 617 449 446 424 370 415 504 553 536 686 446

This is process 5:
Output: 415 574 738 724 802 921 881 983
P: 10 12 97 355 527 772 820 9223372036854775807
Count_P: 0 0 0 0 1 3 1 3
nO: 0 0 0 0 0 1 4 5
===>>>> Process 5 received: 431 393 580 453 568 574 738 724 811

This is process 6:
Output: 71 35 504 553 536 686 811 875
P: 4 149 423 456 746 819 937 9223372036854775807
Count_P: 0 2 0 0 4 1 1 0
nO: 0 0 2 2 2 6 7 8
===>>>> Process 6 received: 849 796 888 651 678 802 875 754 890 751

This is process 7:
Output: 88 171 446 754 890 751 979 932
P: 7 13 70 419 617 738 913 9223372036854775807
Count_P: 0 0 0 2 1 0 3 2
nO: 0 0 0 0 2 3 3 6
===>>>> Process 7 received: 604 584 707 958 978 971 762 921 881 983 979 932


